3,2
3,1
3,3
10,175
10,5
10,9
10,231
10,269
10,305
10,187
9,5
8,9
8,17
8,8
8,10
8,11
8,6
8,2
8,3
85,4
85,3
85,2
85,1
85,0
83,7
83,6
83,5
83,4
83,3
83,2
83,1
83,0
68,3
68,2
68,1
68,0
46,4
46,3
46,2
46,1
46,0
45,5
45,3
45,1
44,4
44,3
44,1
42,5
42,4
42,3
42,2
42,1
39,4
39,3
39,1
37,4
37,3
37,1
35,3
35,1
33,4
33,3
33,1
28,5
28,3
28,1
25,3
25,2
25,1
20,3
20,2
20,1
19,3
19,2
19,1
14,5
14,4
12,3
12,2
12,1
11,29
11,28
11,27
11,26
11,25
11,24
11,23
11,22
11,21
11,20
11,19
11,18
11,17
11,16
11,15
11,14
11,13
11,12
11,11
11,10
11,9
11,8
11,7
11,5
11,4
11,3
11,2
11,1
10,313
10,311
10,303
18,1
10,229
